924961,3,0,ÿ,255,0,0,0,0,0,0,12
925223,2,0,ÿ,255,0,0,0,0,0,0,12
925485,3,0,ÿ,255,0,0,0,0,0,0,12
940974,3,0,ÿ,255,0,0,0,0,0,0,12
941243,2,0,ÿ,255,0,0,0,0,0,0,12
941507,4,0,ÿ,255,0,0,0,0,0,0,12
957000,3,0,ÿ,255,0,0,0,0,0,0,12
957268,2,0,ÿ,255,0,0,0,0,0,0,12
957531,6,0,ÿ,255,0,0,0,0,0,0,12
973027,3,0,ÿ,255,0,0,0,0,0,0,12
973297,2,0,ÿ,255,0,0,0,0,0,0,12
973566,9,0,ÿ,255,0,0,0,0,0,0,12
989070,3,0,ÿ,255,0,0,0,0,0,0,12
989338,2,0,ÿ,255,0,0,0,0,0,0,12
989608,10,0,ÿ,255,0,0,0,0,0,0,12
1005098,3,0,ÿ,255,0,0,0,0,0,0,12
1005360,3,0,ÿ,255,0,0,0,0,0,0,12
1005622,2,0,ÿ,255,0,0,0,0,0,0,12
1021122,3,0,ÿ,255,0,0,0,0,0,0,12
1021386,3,0,ÿ,255,0,0,0,0,0,0,12
1021649,4,0,ÿ,255,0,0,0,0,0,0,12
1037133,3,0,ÿ,255,0,0,0,0,0,0,12
1037394,2,0,ÿ,255,0,0,0,0,0,0,12
1037657,4,0,ÿ,255,0,0,0,0,0,0,12
10251510,20600,0,ÿ,255,0,0,0,0,0,0,12
10268584,20600,0,ÿ,255,0,0,0,0,0,0,12
10284142,3,0,ÿ,255,0,0,0,0,0,0,12
10284467,2,0,ÿ,255,0,0,0,0,0,0,12
10284792,3,0,ÿ,255,0,0,0,0,0,0,12
10300369,3,0,ÿ,255,0,0,0,0,0,0,12
10300701,2,0,ÿ,255,0,0,0,0,0,0,12
10301029,4,0,ÿ,255,0,0,0,0,0,0,12
10334389,20600,0,ÿ,255,0,0,0,0,0,0,12
10349968,3,0,ÿ,255,0,0,0,0,0,0,12
10350292,2,0,ÿ,255,0,0,0,0,0,0,12
10350616,3,0,ÿ,255,0,0,0,0,0,0,12
10393500,20600,0,ÿ,255,0,0,0,0,0,0,12
10409071,3,0,ÿ,255,0,0,0,0,0,0,12
10409395,2,0,ÿ,255,0,0,0,0,0,0,12
10409722,3,0,ÿ,255,0,0,0,0,0,0,12
10425297,3,0,ÿ,255,0,0,0,0,0,0,12
10425638,2,0,ÿ,255,0,0,0,0,0,0,12
10425974,4,0,ÿ,255,0,0,0,0,0,0,12
10441550,3,0,ÿ,255,0,0,0,0,0,0,12
10441897,2,0,ÿ,255,0,0,0,0,0,0,12
10442226,6,0,ÿ,255,0,0,0,0,0,0,12
10457789,3,0,ÿ,255,0,0,0,0,0,0,12
10458122,2,0,ÿ,255,0,0,0,0,0,0,12
10458453,9,0,ÿ,255,0,0,0,0,0,0,12
10474044,3,0,ÿ,255,0,0,0,0,0,0,12
10474372,2,0,ÿ,255,0,0,0,0,0,0,12
10474704,10,0,ÿ,255,0,0,0,0,0,0,12
10490266,3,0,ÿ,255,0,0,0,0,0,0,12
10490589,3,0,ÿ,255,0,0,0,0,0,0,12
10490913,2,0,ÿ,255,0,0,0,0,0,0,12
10506498,3,0,ÿ,255,0,0,0,0,0,0,12
10506823,3,0,ÿ,255,0,0,0,0,0,0,12
10507156,4,0,ÿ,255,0,0,0,0,0,0,12
10522721,3,0,ÿ,255,0,0,0,0,0,0,12
10523048,2,0,ÿ,255,0,0,0,0,0,0,12
10523372,4,0,ÿ,255,0,0,0,0,0,0,12
10571023,4,0,ÿ,255,0,0,0,0,0,0,12
10571087,2,0,ÿ,255,0,0,0,0,0,0,12
10571148,2,0,ÿ,255,0,0,0,0,0,0,12
12425573,20600,0,ÿ,255,0,0,0,0,0,0,12
12799544,20830,1,Z,0,0,0,0,0,0,0,12
12803338,20830,1,Z,0,0,0,0,0,0,0,12
12811373,103,1,Z,0,0,0,0,0,0,0,12
12811384,20600,1,Z,0,0,0,0,0,0,0,12
12812680,20830,1,Z,0,0,0,0,0,0,0,12
13098703,103,1,Z,0,0,0,0,0,0,0,12
13098713,20600,1,Z,0,0,0,0,0,0,0,12
13106212,642,1,Z,0,0,0,0,0,0,0,12
13112578,3,1,Z,0,0,0,0,0,0,0,12
13113065,2,1,Z,0,0,0,0,0,0,0,12
13113527,9,1,Z,0,0,0,0,0,0,0,12
13123348,103,1,Z,0,0,0,0,0,0,0,12
13123360,20600,1,Z,0,0,0,0,0,0,0,12
